00 -14.1059 -35.5762 21.1119
01 -9.6405 -38.1070 21.4663
02 -14.2145 -38.0120 21.0988
03 -27.4603 -54.1427 21.1416
04 -25.2186 -55.0252 21.1330
05 -27.5866 -59.6824 21.2201
06 -25.6143 -65.9736 21.1138
07 -27.4303 -71.4561 21.0848
08 -25.0639 -71.4400 21.1692
09 -21.2378 -79.3820 21.0990
10 -18.2698 -81.6029 21.1721
11 -21.4362 -81.7407 21.0716
12 -8.4034 -81.7916 21.1274
13 -12.1586 -79.5600 21.1458
14 -8.4144 -79.4310 21.1326
15 0.3227 -71.9982 21.1065
16 -1.2090 -78.9433 21.1461
17 -1.9657 -71.3675 21.1161
18 4.7448 -50.1654 21.1229
19 4.1350 -52.5206 21.1542
20 2.4360 -49.5815 21.0946
30 -24.9510 -64.3859 22.1613
31 -26.9335 -65.9574 22.1711
32 -27.4391 -64.1276 22.0509
33 -27.6432 -79.8522 22.0031
34 -26.8404 -89.7235 22.0479
35 -2.8648 -89.8457 22.1661
36 4.6454 -81.4221 21.9572
37 3.5052 -45.3199 22.2154
38 1.5158 -54.8679 22.1388

